#       time             L^2_Ham             L^2_Mom
   0.0000000    3.7160531331e+00    0.0000000000e+00
   1.0000000    3.3821092121e+00    8.9955706745e-01
   2.0000000    2.7523767448e+00    1.3723829431e+00
   3.0000000    2.1214465564e+00    1.3909367984e+00
   4.0000000    1.9256314546e+00    1.1557311726e+00
   5.0000000    1.8596500643e+00    9.5632900909e-01
   6.0000000    1.6571076416e+00    8.3267331633e-01
   7.0000000    1.4484817144e+00    7.4852754504e-01
   8.0000000    1.2827033342e+00    6.6923674100e-01
   9.0000000    1.1442872029e+00    5.8814708413e-01
  10.0000000    1.0209712446e+00    5.1854173313e-01
  11.0000000    9.1878207745e-01    4.5911731209e-01
  12.0000000    8.3869316363e-01    4.0892270354e-01
  13.0000000    7.6934156439e-01    3.6653411561e-01
  14.0000000    7.0558561945e-01    3.3335999004e-01
  15.0000000    6.4553670930e-01    3.0646008511e-01
  16.0000000    5.9424110257e-01    2.8088524174e-01
  17.0000000    5.5622615742e-01    2.5560076024e-01
  18.0000000    5.2231076475e-01    2.3313530228e-01
  19.0000000    4.8595144370e-01    2.1505193557e-01
  20.0000000    4.5091164968e-01    1.9951236688e-01
  21.0000000    4.1979664685e-01    1.8496922261e-01
  22.0000000    3.9081840226e-01    1.7164995929e-01
  23.0000000    3.6364286061e-01    1.5966390246e-01
  24.0000000    3.3945201633e-01    1.4873998342e-01
  25.0000000    3.1784619888e-01    1.3927517729e-01
  26.0000000    2.9800903128e-01    1.3116966566e-01
  27.0000000    2.8044220097e-01    1.2379532142e-01
  28.0000000    2.6534450370e-01    1.1737127381e-01
  29.0000000    2.5244437263e-01    1.1218400139e-01
  30.0000000    2.4122128734e-01    1.0821207560e-01
  31.0000000    2.3119864909e-01    1.0599099742e-01
  32.0000000    2.2412338376e-01    1.0478426873e-01
  33.0000000    2.2017845105e-01    1.0290935590e-01
  34.0000000    2.1621817977e-01    1.0129658808e-01
  35.0000000    2.1053727733e-01    1.0167872582e-01
  36.0000000    2.0487357872e-01    1.0253322830e-01
  37.0000000    2.0362286422e-01    1.0186314074e-01
  38.0000000    2.0294476858e-01    1.0113841925e-01
  39.0000000    1.9712444800e-01    1.0016732468e-01
  40.0000000    1.9269127923e-01    9.7854989153e-02
  41.0000000    1.8999695303e-01    9.8265539722e-02
  42.0000000    1.8496114860e-01    9.9811015684e-02
  43.0000000    1.8384198845e-01    9.7609959215e-02
  44.0000000    1.8747522512e-01    9.4430019605e-02
  45.0000000    1.8958914211e-01    9.2875050854e-02
  46.0000000    1.8702567057e-01    9.3750391649e-02
  47.0000000    1.8271289098e-01    9.5854477083e-02
  48.0000000    1.8407208283e-01    9.4229618186e-02
  49.0000000    1.8812484701e-01    9.0368987774e-02
  50.0000000    1.8664171542e-01    8.9622371327e-02
  51.0000000    1.8315836110e-01    9.0314862604e-02
  52.0000000    1.8182766224e-01    8.9691906981e-02
  53.0000000    1.8102081125e-01    8.8154341950e-02
  54.0000000    1.8096493937e-01    8.6462350061e-02
  55.0000000    1.8035829154e-01    8.4999696265e-02
  56.0000000    1.7781420819e-01    8.3434895645e-02
  57.0000000    1.7525610971e-01    8.1707629985e-02
  58.0000000    1.7392487524e-01    7.9955225114e-02
  59.0000000    1.7207234321e-01    7.8125208978e-02
  60.0000000    1.6858418565e-01    7.6126764456e-02
  61.0000000    1.6598755354e-01    7.3666751559e-02
  62.0000000    1.6485637609e-01    7.1555637574e-02
  63.0000000    1.6158922414e-01    7.0315367409e-02
  64.0000000    1.5701922153e-01    6.8607718688e-02
  65.0000000    1.5550729705e-01    6.6281348817e-02
  66.0000000    1.5469327765e-01    6.4576851814e-02
  67.0000000    1.5092270421e-01    6.3141572693e-02
  68.0000000    1.4744771976e-01    6.1204944825e-02
  69.0000000    1.4603555928e-01    5.9347904491e-02
  70.0000000    1.4377260860e-01    5.7782424789e-02
  71.0000000    1.4092007094e-01    5.6126680472e-02
  72.0000000    1.3893686057e-01    5.4615547664e-02
  73.0000000    1.3658618340e-01    5.3216648238e-02
  74.0000000    1.3376314916e-01    5.1592929051e-02
  75.0000000    1.3145813013e-01    5.0087509777e-02
  76.0000000    1.2920475724e-01    4.8814613059e-02
  77.0000000    1.2669532628e-01    4.7284362530e-02
  78.0000000    1.2426559023e-01    4.5724912872e-02
  79.0000000    1.2224765449e-01    4.4545577110e-02
  80.0000000    1.2086934860e-01    4.3323088523e-02
  81.0000000    1.1901205473e-01    4.2250744193e-02
  82.0000000    1.1591975732e-01    4.1850939220e-02
  83.0000000    1.1340056546e-01    4.1022885858e-02
  84.0000000    1.1252718214e-01    3.9011631884e-02
  85.0000000    1.1126976954e-01    3.7606072540e-02
  86.0000000    1.0815932742e-01    3.8096888099e-02
  87.0000000    1.0499210294e-01    3.8565559659e-02
  88.0000000    1.0382513858e-01    3.7455572124e-02
  89.0000000    1.0366089716e-01    3.5882800499e-02
  90.0000000    1.0290709698e-01    3.4957643885e-02
  91.0000000    1.0153542740e-01    3.4377474612e-02
  92.0000000    9.9543154387e-02    3.4381713955e-02
  93.0000000    9.7294033404e-02    3.4968742624e-02
  94.0000000    9.6090797102e-02    3.4817107181e-02
  95.0000000    9.5919042928e-02    3.3728311343e-02
  96.0000000    9.5599256920e-02    3.3074676615e-02
  97.0000000    9.4830660765e-02    3.3207757265e-02
  98.0000000    9.3584080094e-02    3.3320554260e-02
  99.0000000    9.1792076328e-02    3.3285596822e-02
 100.0000000    9.0354782790e-02    3.3307040111e-02
 101.0000000    9.0146982000e-02    3.2912912285e-02
 102.0000000    9.0520879558e-02    3.1885462824e-02
 103.0000000    9.0128395077e-02    3.1350203791e-02
 104.0000000    8.8518809833e-02    3.2138757913e-02
 105.0000000    8.6830431817e-02    3.2739258052e-02
 106.0000000    8.6670489794e-02    3.1533243062e-02
 107.0000000    8.7363746324e-02    2.9759615206e-02
 108.0000000    8.6409956311e-02    2.9836677521e-02
 109.0000000    8.3762363750e-02    3.0968283740e-02
 110.0000000    8.2200882279e-02    3.0884476258e-02
 111.0000000    8.2479851752e-02    2.9760062368e-02
 112.0000000    8.2580615737e-02    2.9029930035e-02
 113.0000000    8.1787329407e-02    2.8884429444e-02
 114.0000000    8.1019322567e-02    2.8893128664e-02
 115.0000000    8.0511353844e-02    2.8918837173e-02
 116.0000000    7.9808698313e-02    2.8611406561e-02
 117.0000000    7.9015241563e-02    2.7783269551e-02
 118.0000000    7.8481174508e-02    2.7069589957e-02
 119.0000000    7.7712057737e-02    2.7122717582e-02
 120.0000000    7.6179813026e-02    2.7487687122e-02
 121.0000000    7.4827190593e-02    2.7261881351e-02
 122.0000000    7.4672286162e-02    2.6341604748e-02
 123.0000000    7.4954786450e-02    2.5432756694e-02
 124.0000000    7.4602546128e-02    2.5209005191e-02
 125.0000000    7.3495020735e-02    2.5569539518e-02
 126.0000000    7.1900495828e-02    2.5717341129e-02
 127.0000000    7.0598593166e-02    2.5164462219e-02
 128.0000000    7.0481854335e-02    2.4360067723e-02
 129.0000000    7.0994050371e-02    2.3936038614e-02
 130.0000000    7.0692831764e-02    2.3857651597e-02
 131.0000000    6.9293186888e-02    2.3827745364e-02
 132.0000000    6.7904535285e-02    2.3707269960e-02
 133.0000000    6.7441149652e-02    2.3375288466e-02
 134.0000000    6.7399530273e-02    2.2878599645e-02
 135.0000000    6.6696241607e-02    2.2613176475e-02
 136.0000000    6.5437294224e-02    2.2742175523e-02
 137.0000000    6.4869806604e-02    2.2652216029e-02
 138.0000000    6.5165636241e-02    2.1853887720e-02
 139.0000000    6.4832465699e-02    2.1112549464e-02
 140.0000000    6.3201317848e-02    2.1434263459e-02
 141.0000000    6.1683339162e-02    2.2018600479e-02
 142.0000000    6.1524536405e-02    2.1457468516e-02
 143.0000000    6.1714935103e-02    2.0173685700e-02
 144.0000000    6.0833264824e-02    1.9805525807e-02
 145.0000000    5.9398702953e-02    2.0343116975e-02
 146.0000000    5.8689667507e-02    2.0426422500e-02
 147.0000000    5.8498107318e-02    1.9839824120e-02
 148.0000000    5.7990940163e-02    1.9305351709e-02
 149.0000000    5.7267709858e-02    1.8996340195e-02
 150.0000000    5.6505522897e-02    1.8740060891e-02
 151.0000000    5.5329861678e-02    1.8734973052e-02
 152.0000000    5.4026507856e-02    1.8816336641e-02
 153.0000000    5.3588427775e-02    1.8277813251e-02
 154.0000000    5.3791153653e-02    1.7281595335e-02
 155.0000000    5.3281225972e-02    1.6976703631e-02
 156.0000000    5.2048174921e-02    1.7298651336e-02
 157.0000000    5.1442078871e-02    1.6976476889e-02
 158.0000000    5.1429128972e-02    1.6058716715e-02
 159.0000000    5.0712206632e-02    1.5726043670e-02
 160.0000000    4.9479117132e-02    1.5842573553e-02
 161.0000000    4.8927928061e-02    1.5458728011e-02
 162.0000000    4.8780617910e-02    1.4882718481e-02
 163.0000000    4.8142599005e-02    1.4826613789e-02
 164.0000000    4.7448046695e-02    1.4864012384e-02
 165.0000000    4.7301082291e-02    1.4509515126e-02
 166.0000000    4.7111019784e-02    1.4168421375e-02
 167.0000000    4.6401956722e-02    1.4127485098e-02
 168.0000000    4.5701666324e-02    1.4050276098e-02
 169.0000000    4.5365066300e-02    1.3807748549e-02
 170.0000000    4.5058540077e-02    1.3597107270e-02
 171.0000000    4.4653055180e-02    1.3419083017e-02
 172.0000000    4.4301970445e-02    1.3203971629e-02
 173.0000000    4.3871292168e-02    1.3056860031e-02
 174.0000000    4.3246495580e-02    1.3010393982e-02
 175.0000000    4.2712248047e-02    1.2931180319e-02
 176.0000000    4.2440891829e-02    1.2709393603e-02
 177.0000000    4.2147344408e-02    1.2383717195e-02
 178.0000000    4.1599580188e-02    1.2178163081e-02
 179.0000000    4.1015053691e-02    1.2205006540e-02
 180.0000000    4.0711457346e-02    1.2168126970e-02
 181.0000000    4.0602938433e-02    1.1860459807e-02
 182.0000000    4.0293630681e-02    1.1607068676e-02
 183.0000000    3.9648464435e-02    1.1640156383e-02
 184.0000000    3.9043271659e-02    1.1601880125e-02
 185.0000000    3.8809351971e-02    1.1276135663e-02
 186.0000000    3.8674835374e-02    1.1000162284e-02
 187.0000000    3.8269925948e-02    1.0984408591e-02
 188.0000000    3.7753211156e-02    1.0979059559e-02
 189.0000000    3.7396996199e-02    1.0819172714e-02
 190.0000000    3.7127875564e-02    1.0587037539e-02
 191.0000000    3.6826359795e-02    1.0365424442e-02
 192.0000000    3.6442384795e-02    1.0243256199e-02
 193.0000000    3.5879662855e-02    1.0256531079e-02
 194.0000000    3.5288555167e-02    1.0201581321e-02
 195.0000000    3.5018728316e-02    9.9072499795e-03
 196.0000000    3.4976284663e-02    9.6022320615e-03
 197.0000000    3.4705128516e-02    9.5996288174e-03
 198.0000000    3.4170612044e-02    9.6982614299e-03
 199.0000000    3.3785709246e-02    9.4800723717e-03
 200.0000000    3.3651558039e-02    9.0389585805e-03
 201.0000000    3.3390130489e-02    8.8700963601e-03
 202.0000000    3.2834716351e-02    9.0160697230e-03
 203.0000000    3.2320651336e-02    9.0092314952e-03
 204.0000000    3.2116900811e-02    8.6796259667e-03
 205.0000000    3.2014954158e-02    8.3586923947e-03
 206.0000000    3.1709233820e-02    8.3483287086e-03
 207.0000000    3.1226316385e-02    8.4834166473e-03
 208.0000000    3.0836995711e-02    8.3994999145e-03
 209.0000000    3.0689174200e-02    8.0371782337e-03
 210.0000000    3.0591465997e-02    7.7540399838e-03
 211.0000000    3.0260778826e-02    7.8376686442e-03
 212.0000000    2.9762598953e-02    8.0175990773e-03
 213.0000000    2.9437155746e-02    7.8817013655e-03
 214.0000000    2.9351851690e-02    7.4790363826e-03
 215.0000000    2.9208602648e-02    7.2409079373e-03
 216.0000000    2.8837687647e-02    7.3495977546e-03
 217.0000000    2.8397245788e-02    7.4927397940e-03
 218.0000000    2.8079219258e-02    7.3793399330e-03
 219.0000000    2.7896032656e-02    7.0763503776e-03
 220.0000000    2.7748958290e-02    6.8568669654e-03
 221.0000000    2.7523648138e-02    6.8774011957e-03
 222.0000000    2.7185647862e-02    7.0003576552e-03
 223.0000000    2.6872520057e-02    6.9516660796e-03
 224.0000000    2.6733396398e-02    6.6615772943e-03
 225.0000000    2.6648309008e-02    6.4080548613e-03
 226.0000000    2.6363774374e-02    6.4524937398e-03
 227.0000000    2.5913001172e-02    6.5820364465e-03
 228.0000000    2.5606672850e-02    6.4402008371e-03
 229.0000000    2.5534712925e-02    6.0941521582e-03
 230.0000000    2.5396559118e-02    5.9382131350e-03
 231.0000000    2.4993720596e-02    6.0339824816e-03
 232.0000000    2.4566768084e-02    6.0160453603e-03
 233.0000000    2.4396951966e-02    5.7467666436e-03
 234.0000000    2.4331612515e-02    5.5100706477e-03
 235.0000000    2.4081340814e-02    5.5073460290e-03
 236.0000000    2.3728699106e-02    5.5316673334e-03
 237.0000000    2.3543362987e-02    5.3784818485e-03
 238.0000000    2.3480186211e-02    5.1611774608e-03
 239.0000000    2.3271931303e-02    5.0905082774e-03
 240.0000000    2.2899256920e-02    5.1234672037e-03
 241.0000000    2.2602852531e-02    5.0429429199e-03
 242.0000000    2.2465767153e-02    4.8195041316e-03
 243.0000000    2.2294055028e-02    4.6901915417e-03
 244.0000000    2.1972411328e-02    4.7816480608e-03
 245.0000000    2.1666500524e-02    4.8515769261e-03
 246.0000000    2.1553124269e-02    4.6724960449e-03
 247.0000000    2.1536224940e-02    4.3961414399e-03
 248.0000000    2.1398938669e-02    4.3595513500e-03
 249.0000000    2.1110020012e-02    4.5416119528e-03
 250.0000000    2.0837717319e-02    4.6018357126e-03
 251.0000000    2.0695078076e-02    4.4173522628e-03
 252.0000000    2.0580104871e-02    4.2239321482e-03
 253.0000000    2.0349681492e-02    4.2514274601e-03
 254.0000000    2.0066419319e-02    4.3664445609e-03
 255.0000000    1.9903471058e-02    4.3419497027e-03
 256.0000000    1.9845159227e-02    4.2173286256e-03
 257.0000000    1.9729280935e-02    4.1743254034e-03
 258.0000000    1.9546373641e-02    4.2036972489e-03
 259.0000000    1.9409807756e-02    4.1699350510e-03
 260.0000000    1.9292493458e-02    4.0962577658e-03
 261.0000000    1.9094923555e-02    4.0746610701e-03
 262.0000000    1.8878160011e-02    4.0384054554e-03
 263.0000000    1.8737149550e-02    3.9281385241e-03
 264.0000000    1.8594248311e-02    3.8684970119e-03
 265.0000000    1.8385789074e-02    3.8977731865e-03
 266.0000000    1.8224717959e-02    3.8413436384e-03
 267.0000000    1.8152393976e-02    3.6763140029e-03
 268.0000000    1.8023053266e-02    3.6074654449e-03
 269.0000000    1.7798624764e-02    3.6521978674e-03
 270.0000000    1.7621231187e-02    3.6195850264e-03
 271.0000000    1.7516632610e-02    3.5125730168e-03
 272.0000000    1.7371189255e-02    3.4664112449e-03
 273.0000000    1.7193205615e-02    3.4352756198e-03
 274.0000000    1.7066540296e-02    3.3452459327e-03
 275.0000000    1.6937498823e-02    3.3165139300e-03
 276.0000000    1.6733777496e-02    3.3969227889e-03
 277.0000000    1.6552073216e-02    3.3979254849e-03
 278.0000000    1.6493060739e-02    3.2318756694e-03
 279.0000000    1.6456531618e-02    3.0863820421e-03
 280.0000000    1.6290901097e-02    3.1337817693e-03
 281.0000000    1.6023652380e-02    3.2463686264e-03
 282.0000000    1.5813465832e-02    3.2200355633e-03
 283.0000000    1.5727167031e-02    3.0515528779e-03
 284.0000000    1.5662480489e-02    2.9275274342e-03
 285.0000000    1.5511686852e-02    2.9690793129e-03
 286.0000000    1.5321397522e-02    3.0395970999e-03
 287.0000000    1.5212395180e-02    2.9775006822e-03
 288.0000000    1.5175867658e-02    2.8465809942e-03
 289.0000000    1.5081202367e-02    2.8126666722e-03
 290.0000000    1.4884460757e-02    2.8492852708e-03
 291.0000000    1.4684522764e-02    2.8108656570e-03
 292.0000000    1.4553575578e-02    2.7044698161e-03
 293.0000000    1.4443920246e-02    2.6542686130e-03
 294.0000000    1.4304188337e-02    2.6685147924e-03
 295.0000000    1.4167398027e-02    2.6401025879e-03
 296.0000000    1.4073846708e-02    2.5424628210e-03
 297.0000000    1.3993215773e-02    2.4626503454e-03
 298.0000000    1.3877016218e-02    2.4607040025e-03
 299.0000000    1.3735534272e-02    2.4807422580e-03
 300.0000000    1.3612583041e-02    2.4373914332e-03
 301.0000000    1.3508872489e-02    2.3343037544e-03
 302.0000000    1.3384307537e-02    2.2694593333e-03
 303.0000000    1.3233732012e-02    2.2928194523e-03
 304.0000000    1.3100780748e-02    2.3113532967e-03
 305.0000000    1.3002954368e-02    2.2429145861e-03
 306.0000000    1.2906060476e-02    2.1582739240e-03
 307.0000000    1.2792203292e-02    2.1590239702e-03
 308.0000000    1.2685333636e-02    2.1862198853e-03
 309.0000000    1.2592907381e-02    2.1390544914e-03
 310.0000000    1.2489221507e-02    2.0601422527e-03
 311.0000000    1.2368458501e-02    2.0429969423e-03
 312.0000000    1.2254718790e-02    2.0534022676e-03
 313.0000000    1.2155709641e-02    2.0144687962e-03
 314.0000000    1.2054609655e-02    1.9558516827e-03
 315.0000000    1.1944065715e-02    1.9403461058e-03
 316.0000000    1.1832764884e-02    1.9381260039e-03
 317.0000000    1.1727480511e-02    1.8939907797e-03
 318.0000000    1.1628835175e-02    1.8332980036e-03
 319.0000000    1.1532289676e-02    1.8143607945e-03
 320.0000000    1.1430398320e-02    1.8269763783e-03
 321.0000000    1.1329768219e-02    1.8125220685e-03
 322.0000000    1.1249781375e-02    1.7539469354e-03
 323.0000000    1.1183957839e-02    1.6977648644e-03
 324.0000000    1.1094284120e-02    1.6915867042e-03
 325.0000000    1.0969058634e-02    1.7140256158e-03
 326.0000000    1.0848620904e-02    1.7030318785e-03
 327.0000000    1.0766756547e-02    1.6431410740e-03
 328.0000000    1.0703366373e-02    1.5890606936e-03
 329.0000000    1.0623780537e-02    1.5899439564e-03
 330.0000000    1.0530547377e-02    1.6147293292e-03
 331.0000000    1.0446379914e-02    1.6012253376e-03
 332.0000000    1.0369732116e-02    1.5404559423e-03
 333.0000000    1.0279138138e-02    1.4842195599e-03
 334.0000000    1.0171886289e-02    1.4808705824e-03
 335.0000000    1.0070647090e-02    1.5075649013e-03
 336.0000000    9.9913187540e-03    1.5000475370e-03
 337.0000000    9.9246802460e-03    1.4450557590e-03
 338.0000000    9.8550760537e-03    1.4022614942e-03
 339.0000000    9.7809212096e-03    1.4128860532e-03
 340.0000000    9.7076566083e-03    1.4364800735e-03
 341.0000000    9.6335446683e-03    1.4301537625e-03
 342.0000000    9.5556756270e-03    1.4039338720e-03
 343.0000000    9.4792086633e-03    1.3781717655e-03
 344.0000000    9.4060735820e-03    1.3612414603e-03
 345.0000000    9.3268312012e-03    1.3699053837e-03
 346.0000000    9.2383050445e-03    1.4001408323e-03
 347.0000000    9.1543867342e-03    1.4028180587e-03
 348.0000000    9.0858837150e-03    1.3501560694e-03
 349.0000000    9.0240822314e-03    1.2920836114e-03
 350.0000000    8.9538330220e-03    1.2972554848e-03
 351.0000000    8.8724503519e-03    1.3449152024e-03
 352.0000000    8.7932110314e-03    1.3539908794e-03
 353.0000000    8.7323029843e-03    1.2937423263e-03
 354.0000000    8.6842454839e-03    1.2200402493e-03
 355.0000000    8.6173179724e-03    1.2118212142e-03
 356.0000000    8.5141068890e-03    1.2589450268e-03
 357.0000000    8.4060795225e-03    1.2756162985e-03
 358.0000000    8.3372059492e-03    1.2210428925e-03
 359.0000000    8.3014479831e-03    1.1494682464e-03
 360.0000000    8.2541012208e-03    1.1417010839e-03
 361.0000000    8.1775878036e-03    1.1831878226e-03
 362.0000000    8.0975547583e-03    1.1897312130e-03
 363.0000000    8.0357229762e-03    1.1344196885e-03
 364.0000000    7.9793403027e-03    1.0775594404e-03
 365.0000000    7.9060120965e-03    1.0777528673e-03
 366.0000000    7.8181464402e-03    1.1031071549e-03
 367.0000000    7.7405739983e-03    1.0918559607e-03
 368.0000000    7.6885033993e-03    1.0410025671e-03
 369.0000000    7.6466427900e-03    9.9743200141e-04
 370.0000000    7.5871814346e-03    9.9072854455e-04
 371.0000000    7.5050687391e-03    9.9899398909e-04
 372.0000000    7.4236619492e-03    9.8738873906e-04
 373.0000000    7.3625693321e-03    9.5033658232e-04
 374.0000000    7.3132558173e-03    9.1254585159e-04
 375.0000000    7.2556794940e-03    8.9726935607e-04
 376.0000000    7.1867063614e-03    8.9810153401e-04
 377.0000000    7.1193528444e-03    8.9415570081e-04
 378.0000000    7.0614130554e-03    8.7878033435e-04
 379.0000000    7.0081623012e-03    8.5826985975e-04
 380.0000000    6.9536975303e-03    8.3895363311e-04
 381.0000000    6.8975895480e-03    8.2896995542e-04
 382.0000000    6.8406018793e-03    8.3439811863e-04
 383.0000000    6.7836653805e-03    8.4153244998e-04
 384.0000000    6.7305838069e-03    8.2778472721e-04
 385.0000000    6.6826568293e-03    7.9788889468e-04
 386.0000000    6.6320627201e-03    7.8492115859e-04
 387.0000000    6.5703060442e-03    7.9993581645e-04
 388.0000000    6.5025813064e-03    8.1083573097e-04
 389.0000000    6.4441832375e-03    7.9216754528e-04
 390.0000000    6.4007387867e-03    7.6158163134e-04
 391.0000000    6.3606463332e-03    7.5359908564e-04
 392.0000000    6.3119814001e-03    7.6574695513e-04
 393.0000000    6.2585821193e-03    7.6448183608e-04
 394.0000000    6.2102414281e-03    7.4086161980e-04
 395.0000000    6.1639670915e-03    7.2243878438e-04
 396.0000000    6.1092794498e-03    7.2452257767e-04
 397.0000000    6.0476080559e-03    7.2384204143e-04
 398.0000000    5.9903731359e-03    7.0458787797e-04
 399.0000000    5.9412130428e-03    6.8730767762e-04
 400.0000000    5.8955872677e-03    6.8854075900e-04
 401.0000000    5.8530950069e-03    6.8683307444e-04
 402.0000000    5.8145687665e-03    6.6276783249e-04
 403.0000000    5.7725020672e-03    6.3649451214e-04
 404.0000000    5.7192511576e-03    6.3507095897e-04
 405.0000000    5.6605818535e-03    6.4260221105e-04
 406.0000000    5.6090196783e-03    6.2816157324e-04
 407.0000000    5.5668201982e-03    5.9820096986e-04
 408.0000000    5.5256209755e-03    5.8423699853e-04
 409.0000000    5.4804922189e-03    5.8804898395e-04
 410.0000000    5.4343926971e-03    5.8337308630e-04
 411.0000000    5.3892879655e-03    5.6616408358e-04
 412.0000000    5.3425458414e-03    5.5490943128e-04
 413.0000000    5.2941579971e-03    5.5100527982e-04
 414.0000000    5.2491440094e-03    5.4084574198e-04
 415.0000000    5.2096157953e-03    5.2924457709e-04
 416.0000000    5.1712365643e-03    5.2997277979e-04
 417.0000000    5.1304706690e-03    5.3419364598e-04
 418.0000000    5.0895575402e-03    5.2538782530e-04
 419.0000000    5.0511918823e-03    5.1034710937e-04
 420.0000000    5.0124937356e-03    5.0798237274e-04
 421.0000000    4.9685670890e-03    5.1725749717e-04
 422.0000000    4.9209453565e-03    5.2108839438e-04
 423.0000000    4.8776950522e-03    5.1292472655e-04
 424.0000000    4.8428993120e-03    5.0135853984e-04
 425.0000000    4.8105941595e-03    4.9650672969e-04
 426.0000000    4.7733615514e-03    4.9989564593e-04
 427.0000000    4.7324407688e-03    5.0511294012e-04
 428.0000000    4.6941753035e-03    5.0353092748e-04
 429.0000000    4.6601393981e-03    4.9203744909e-04
 430.0000000    4.6258294827e-03    4.7963260264e-04
 431.0000000    4.5871316591e-03    4.8055825963e-04
 432.0000000    4.5454290079e-03    4.9189387945e-04
 433.0000000    4.5069794743e-03    4.9118349848e-04
 434.0000000    4.4755376453e-03    4.6818343069e-04
 435.0000000    4.4450416966e-03    4.4680346404e-04
 436.0000000    4.4060194481e-03    4.5463263887e-04
 437.0000000    4.3607116901e-03    4.7204709425e-04
 438.0000000    4.3217569051e-03    4.6215861988e-04
 439.0000000    4.2927735577e-03    4.2937496682e-04
 440.0000000    4.2630694557e-03    4.1467697398e-04
 441.0000000    4.2261447406e-03    4.2940824619e-04
 442.0000000    4.1892924376e-03    4.3730657140e-04
 443.0000000    4.1590241793e-03    4.1815410404e-04
 444.0000000    4.1296487583e-03    3.9199305644e-04
 445.0000000    4.0931417734e-03    3.8608297819e-04
 446.0000000    4.0510694002e-03    3.9611472015e-04
 447.0000000    4.0112407405e-03    3.9861751231e-04
 448.0000000    3.9780263341e-03    3.8372133451e-04
 449.0000000    3.9493943882e-03    3.6363593960e-04
 450.0000000    3.9209547308e-03    3.5788566086e-04
 451.0000000    3.8909716105e-03    3.6582762747e-04
 452.0000000    3.8610203837e-03    3.6756989022e-04
 453.0000000    3.8318149166e-03    3.5503954105e-04
 454.0000000    3.8009206508e-03    3.4152781789e-04
 455.0000000    3.7665063394e-03    3.3839504988e-04
 456.0000000    3.7307019183e-03    3.3848033032e-04
 457.0000000    3.6970273586e-03    3.3355465335e-04
 458.0000000    3.6667086204e-03    3.2669064743e-04
 459.0000000    3.6388335406e-03    3.2100710939e-04
 460.0000000    3.6118920961e-03    3.1392185416e-04
 461.0000000    3.5843256351e-03    3.0625815260e-04
 462.0000000    3.5551795737e-03    3.0271936449e-04
 463.0000000    3.5247949394e-03    3.0190880531e-04
 464.0000000    3.4946121732e-03    2.9743906721e-04
 465.0000000    3.4662061396e-03    2.8821793509e-04
 466.0000000    3.4396240059e-03    2.8017878179e-04
 467.0000000    3.4127165411e-03    2.7830660280e-04
 468.0000000    3.3838895281e-03    2.7999183230e-04
 469.0000000    3.3548625743e-03    2.7828241040e-04
 470.0000000    3.3279787360e-03    2.7098897270e-04
 471.0000000    3.3022174814e-03    2.6410475585e-04
 472.0000000    3.2754495978e-03    2.6335315171e-04
 473.0000000    3.2485176953e-03    2.6527935244e-04
 474.0000000    3.2230840321e-03    2.6383169693e-04
 475.0000000    3.1980228542e-03    2.5967398756e-04
 476.0000000    3.1717517917e-03    2.5612972456e-04
 477.0000000    3.1451061637e-03    2.5281554118e-04
 478.0000000    3.1189023310e-03    2.5001192987e-04
 479.0000000    3.0924758764e-03    2.5085230750e-04
 480.0000000    3.0668643143e-03    2.5289126304e-04
 481.0000000    3.0446644934e-03    2.4890043441e-04
 482.0000000    3.0247699787e-03    2.4045127567e-04
 483.0000000    3.0024168988e-03    2.3831310730e-04
 484.0000000    2.9761168673e-03    2.4350391120e-04
 485.0000000    2.9494574293e-03    2.4406781051e-04
 486.0000000    2.9247617865e-03    2.3578212740e-04
 487.0000000    2.9001027240e-03    2.2879208449e-04
 488.0000000    2.8741838695e-03    2.3008788258e-04
 489.0000000    2.8494721156e-03    2.3239690070e-04
 490.0000000    2.8283363960e-03    2.2882761660e-04
 491.0000000    2.8094071713e-03    2.2304267431e-04
 492.0000000    2.7897701087e-03    2.2051817845e-04
 493.0000000    2.7684357273e-03    2.2011960818e-04
 494.0000000    2.7459623909e-03    2.1911399082e-04
 495.0000000    2.7225404479e-03    2.1778813734e-04
 496.0000000    2.6983630293e-03    2.1590581933e-04
 497.0000000    2.6746929443e-03    2.1208896787e-04
 498.0000000    2.6526621738e-03    2.0830437245e-04
 499.0000000    2.6317695858e-03    2.0821271638e-04
 500.0000000    2.6111246801e-03    2.1002407562e-04
