#       time         integral Re         integral Im
#       r =            20.000000           20.000000
   0.0000000    1.0716234687e-03   -2.3452535279e-20
   1.0000000    1.0670928800e-03   -3.5729528518e-21
   2.0000000    1.0583716591e-03    7.9992247401e-21
   3.0000000    1.0965040702e-03   -1.6254159910e-20
   4.0000000    1.1270605245e-03   -1.1369410278e-20
   5.0000000    9.8566686232e-04    1.2330155676e-20
   6.0000000    7.8894669999e-04   -4.3526102106e-21
   7.0000000    9.2340092154e-04   -2.5498898251e-20
   8.0000000    1.3637049751e-03    4.8887728860e-20
   9.0000000    1.5160973560e-03    8.6959609702e-20
  10.0000000    1.1204446591e-03   -3.0529247179e-21
  11.0000000    6.4000719155e-04    2.4887918277e-20
  12.0000000    4.0973413778e-04    9.2459106768e-22
  13.0000000    3.4635772119e-04    6.2688778911e-20
  14.0000000    4.6525707314e-04    1.9549448580e-19
  15.0000000    6.7267124188e-04    1.4222102678e-19
  16.0000000    6.0153667637e-04   -2.3393592178e-20
  17.0000000    2.9165504624e-04   -2.3532115377e-19
  18.0000000    1.8540540899e-04   -2.2597303688e-19
  19.0000000    2.9049572073e-04   -4.8720749790e-20
  20.0000000    2.2349888307e-04    1.1045739972e-19
  21.0000000   -5.7040854383e-05    1.1504968180e-19
  22.0000000   -1.9498349535e-04    4.2584747356e-20
  23.0000000    5.4862821255e-06    1.8495213009e-20
  24.0000000    2.8575715712e-04    1.2619204531e-19
  25.0000000    2.5743047850e-04    1.2513929687e-19
  26.0000000   -1.1448137476e-04   -2.0095350460e-20
  27.0000000   -4.3968943272e-04   -1.8672935343e-19
  28.0000000   -2.9700328908e-04   -2.7098094267e-19
  29.0000000    3.3091469411e-04   -1.4984091733e-19
  30.0000000    1.0204723579e-03    1.4405790647e-19
  31.0000000    1.2606492270e-03    3.5074531493e-19
  32.0000000    8.5744620486e-04    2.4486130118e-19
  33.0000000    7.1862651570e-05    4.0329027907e-20
  34.0000000   -5.9029874095e-04   -1.9417415496e-19
  35.0000000   -7.5045674143e-04   -2.3179163311e-19
  36.0000000   -4.0591653440e-04   -1.1269074680e-19
  37.0000000    1.1476426122e-04    6.8538209579e-21
  38.0000000    4.3358381480e-04    1.2179633104e-19
  39.0000000    4.0214110385e-04    1.0665189836e-19
  40.0000000    1.5568543400e-04    5.3741161746e-20
  41.0000000   -6.1671690399e-05   -1.0678851003e-20
  42.0000000   -1.0878842461e-04   -5.1736734721e-20
  43.0000000   -1.8400774896e-05   -4.7022538561e-20
  44.0000000    8.6650373516e-05   -2.0287355886e-20
  45.0000000    1.1666478165e-04    1.6834949950e-20
  46.0000000    7.0784210395e-05    2.8324301189e-20
  47.0000000    9.0026571804e-06    2.6908021020e-20
  48.0000000   -1.1837108612e-05    9.3098110648e-21
  49.0000000    1.6001202054e-05   -7.7107236176e-21
  50.0000000    5.5190585218e-05   -1.4796666065e-20
  51.0000000    6.7396639179e-05   -1.0542201110e-20
  52.0000000    4.9508195423e-05   -9.4142958944e-21
  53.0000000    2.7287682511e-05   -4.6763155261e-21
  54.0000000    2.2032188088e-05   -8.5571103522e-21
  55.0000000    3.0591341258e-05   -8.6556926290e-21
  56.0000000    3.5791825618e-05   -4.2435863061e-21
  57.0000000    2.8592738107e-05    8.3774214390e-21
  58.0000000    1.5479052220e-05    2.0116636622e-20
  59.0000000    6.8092283425e-06    2.3741028663e-20
  60.0000000    4.6417305174e-06    2.0619923970e-20
  61.0000000    4.8770780396e-06    1.6066683548e-20
  62.0000000    6.8020198430e-06    5.8852628120e-22
  63.0000000    1.4251273375e-05   -1.9434907224e-20
  64.0000000    2.6793070177e-05   -3.4125443899e-20
  65.0000000    3.4956078568e-05   -3.5003252946e-20
  66.0000000    2.8452061763e-05   -2.5656058514e-20
  67.0000000    7.8301432629e-06   -4.5335696306e-21
  68.0000000   -1.4388260046e-05    8.8441714647e-21
  69.0000000   -2.3725717648e-05    2.8093485576e-20
  70.0000000   -1.5175601950e-05    2.9177635698e-20
  71.0000000    3.3633626833e-06    3.6608550658e-20
  72.0000000    1.8342750611e-05    2.4516804076e-20
  73.0000000    2.2533272461e-05   -6.4613106799e-21
  74.0000000    2.1403924513e-05   -3.7084729971e-20
  75.0000000    2.7914663761e-05   -4.3178508142e-20
  76.0000000    5.0317938220e-05   -4.0102009005e-20
  77.0000000    8.4651804053e-05   -7.9632765426e-21
  78.0000000    1.1885377832e-04    3.4319041264e-20
  79.0000000    1.4379135714e-04    5.6261102159e-20
  80.0000000    1.6024095223e-04    4.0308541124e-20
  81.0000000    1.7458029011e-04    2.8109913401e-21
  82.0000000    1.8671785667e-04   -2.9182872010e-20
  83.0000000    1.8384015606e-04   -5.2282620206e-20
  84.0000000    1.5016115107e-04   -2.3002063841e-20
  85.0000000    8.4288859531e-05   -9.9374427910e-21
  86.0000000    5.3899910223e-06    4.7982114941e-20
  87.0000000   -5.7572802714e-05    3.7012137675e-20
  88.0000000   -8.2018631475e-05    2.0658640296e-20
  89.0000000   -6.0761195332e-05   -1.1514240537e-20
  90.0000000   -1.9872835636e-06   -3.6308269653e-20
  91.0000000    7.2559184826e-05   -4.0105668421e-20
  92.0000000    1.2654763437e-04   -1.2273299395e-20
  93.0000000    1.1251577472e-04    2.3626483147e-20
  94.0000000   -9.3782272940e-06    2.9629425263e-20
  95.0000000   -2.4008225768e-04    1.0587434575e-20
  96.0000000   -5.1696556588e-04   -4.5496242276e-20
  97.0000000   -7.1730671006e-04   -8.1047458975e-20
  98.0000000   -6.9874108505e-04   -2.6924703037e-20
  99.0000000   -3.6688406178e-04    4.8987809774e-20
 100.0000000    2.5633159919e-04    1.1331276141e-19
 101.0000000    1.0010181738e-03    1.3201480262e-19
 102.0000000    1.5863399312e-03    5.8023328325e-20
 103.0000000    1.7273563212e-03   -4.8733848606e-20
 104.0000000    1.2715911810e-03   -1.4691169664e-19
 105.0000000    3.0026349490e-04   -1.5380241842e-19
 106.0000000   -8.6656652819e-04   -6.6880207524e-20
 107.0000000   -1.7855228886e-03    9.7556280903e-21
 108.0000000   -2.0874288217e-03    1.2368261515e-19
 109.0000000   -1.6591176033e-03    1.8541854022e-19
 110.0000000   -7.0522647761e-04    1.5501038165e-19
 111.0000000    3.5232402180e-04    4.6616854838e-20
 112.0000000    1.0856919567e-03   -7.5193245009e-20
 113.0000000    1.2663964935e-03   -1.4459025634e-19
 114.0000000    9.5213073324e-04   -1.8442335756e-19
 115.0000000    4.1477456378e-04   -9.0235534338e-20
 116.0000000   -3.6179869659e-05    3.5035911137e-20
 117.0000000   -2.2276867864e-04    9.5980979988e-20
 118.0000000   -1.6311945668e-04    1.7077123153e-19
 119.0000000   -9.7095772306e-06    1.3043201244e-19
 120.0000000    7.8755828789e-05   -1.3975630729e-20
 121.0000000    3.9415273353e-05   -8.5884927862e-20
 122.0000000   -7.9362727466e-05   -1.1410652501e-19
 123.0000000   -1.8222971827e-04   -1.2152556758e-19
 124.0000000   -2.0866927808e-04   -1.6322929544e-20
 125.0000000   -1.6737810867e-04    5.8389781408e-20
 126.0000000   -1.0707790512e-04    6.5372899896e-20
 127.0000000   -6.2909964912e-05    7.5912412469e-20
 128.0000000   -3.0370833641e-05    3.7676974350e-20
 129.0000000    1.5687479933e-05    3.4339928702e-21
 130.0000000    8.3202669895e-05   -2.0628935951e-21
 131.0000000    1.4613688737e-04   -4.9343204058e-20
 132.0000000    1.6481202446e-04   -5.7711320144e-20
 133.0000000    1.2263083821e-04   -3.4569702292e-20
 134.0000000    4.3238329426e-05   -2.3542190418e-20
 135.0000000   -2.8208188074e-05    3.6191021423e-21
 136.0000000   -6.1902865743e-05    2.6039880801e-20
 137.0000000   -6.4954359764e-05    2.5081143212e-20
 138.0000000   -6.9660998731e-05    7.6073900024e-21
 139.0000000   -1.0046592368e-04   -2.0484984272e-20
 140.0000000   -1.4889043501e-04   -3.2250571176e-20
 141.0000000   -1.7721493118e-04   -3.2541332672e-20
 142.0000000   -1.4698681159e-04   -3.9964436276e-21
 143.0000000   -4.9150436500e-05    2.1483461048e-20
 144.0000000    8.6678181973e-05    4.0423836282e-20
 145.0000000    2.0871191960e-04    3.3964759070e-20
 146.0000000    2.7181498718e-04    2.2562991274e-20
 147.0000000    2.5927441923e-04    1.4182809566e-20
 148.0000000    1.8570059300e-04   -1.0972564885e-20
 149.0000000    8.2814228908e-05   -2.0370748732e-20
 150.0000000   -1.9774717718e-05   -1.9682989543e-20
 151.0000000   -1.0589773860e-04   -1.7378174528e-20
 152.0000000   -1.7128900647e-04   -1.6680166980e-20
 153.0000000   -2.1396707640e-04   -1.2121192997e-20
 154.0000000   -2.2636718718e-04   -7.8818358869e-21
 155.0000000   -1.9673083194e-04   -1.3131011976e-20
 156.0000000   -1.1951591306e-04   -1.4529009617e-21
 157.0000000   -7.0807218884e-06   -4.1150979709e-21
 158.0000000    1.0712185065e-04    2.3582103915e-20
 159.0000000    1.7901977278e-04    1.6914553415e-20
 160.0000000    1.7482151540e-04    2.7491588863e-20
 161.0000000    9.1524951293e-05    1.3277566376e-22
 162.0000000   -3.5718100232e-05   -2.3171481768e-20
 163.0000000   -1.4628393217e-04   -5.0612979175e-20
 164.0000000   -1.8250948032e-04   -3.4920384973e-20
 165.0000000   -1.1930589628e-04   -4.7945328043e-21
 166.0000000    2.1854841383e-05    1.3004370804e-20
 167.0000000    1.8264567361e-04    3.8794126688e-20
 168.0000000    2.9498286669e-04    2.4995223884e-20
 169.0000000    3.0988440782e-04   -3.6637668280e-21
 170.0000000    2.1437804091e-04   -3.7406668601e-20
 171.0000000    3.2424022131e-05   -4.5766682046e-20
 172.0000000   -1.8529765926e-04   -2.7692043939e-20
 173.0000000   -3.7557931024e-04    1.3890616884e-20
 174.0000000   -4.7754935925e-04    2.1882738688e-20
 175.0000000   -4.4913628992e-04    2.4111348872e-20
 176.0000000   -2.8444639894e-04    2.1656520902e-20
 177.0000000   -2.4445555305e-05   -3.6450255921e-22
 178.0000000    2.5010373598e-04   -1.4400740471e-20
 179.0000000    4.4695852821e-04   -8.1073209355e-21
 180.0000000    5.0088101137e-04   -1.4565385609e-21
 181.0000000    4.0189966483e-04   -9.2116510160e-22
 182.0000000    1.9724935277e-04    5.0829711393e-21
 183.0000000   -3.3853573690e-05   -5.3426681726e-21
 184.0000000   -2.1752519832e-04   -2.9177203850e-21
 185.0000000   -3.1340950604e-04   -1.0427329478e-20
 186.0000000   -3.2023736115e-04   -1.3823925289e-20
 187.0000000   -2.6120805895e-04   -5.7851251799e-22
 188.0000000   -1.6406516845e-04    1.5938064671e-21
 189.0000000   -5.0572235182e-05   -7.2913482272e-21
 190.0000000    6.1190903816e-05    3.4003504308e-21
 191.0000000    1.5034888492e-04    1.5991379700e-21
 192.0000000    1.9395554459e-04   -3.4755105681e-22
 193.0000000    1.7809736584e-04    1.5767680486e-20
 194.0000000    1.1096257106e-04    1.1203354291e-20
 195.0000000    2.4918748727e-05    1.8357611278e-20
 196.0000000   -3.8315344529e-05    2.0828118571e-21
 197.0000000   -5.1919353482e-05   -5.5902191992e-21
 198.0000000   -2.1220114021e-05   -1.7877200223e-20
 199.0000000    1.9195600084e-05   -3.3679043305e-20
 200.0000000    2.7841439394e-05   -3.0908738142e-20
 201.0000000   -1.6422671634e-05   -2.3859788069e-20
 202.0000000   -1.0017601697e-04    3.3629315107e-21
 203.0000000   -1.8276914685e-04    2.5529548701e-20
 204.0000000   -2.1921662965e-04    3.5119640848e-20
 205.0000000   -1.8367004791e-04    4.0325565282e-20
 206.0000000   -8.0416650741e-05    1.9381269210e-20
 207.0000000    6.0812484102e-05   -5.2735150451e-21
 208.0000000    1.9880412863e-04   -2.2783222058e-20
 209.0000000    2.9480337306e-04   -3.9948963323e-20
 210.0000000    3.2129591174e-04   -2.9557877539e-20
 211.0000000    2.6640519482e-04   -9.1374717984e-21
 212.0000000    1.3682866329e-04    4.2744824426e-21
 213.0000000   -4.0321023273e-05    1.1364559654e-20
 214.0000000   -2.1995150121e-04    1.1009552979e-20
 215.0000000   -3.4910378782e-04    6.1365449998e-21
 216.0000000   -3.8408930327e-04   -7.6594937741e-21
 217.0000000   -3.0850352711e-04   -9.1385915252e-21
 218.0000000   -1.4313960077e-04    4.6143227317e-21
 219.0000000    5.8782051906e-05    1.3954654827e-20
 220.0000000    2.3071956503e-04    2.4066399665e-20
 221.0000000    3.1829754366e-04    2.0736572036e-20
 222.0000000    2.9964147602e-04    4.8421765607e-21
 223.0000000    1.9160971024e-04   -1.1953508765e-20
 224.0000000    3.9990869157e-05   -3.0874738054e-20
 225.0000000   -1.0076956251e-04   -3.7923272285e-20
 226.0000000   -1.8851293701e-04   -2.1559107238e-20
 227.0000000   -2.0609803398e-04    1.8176325156e-22
 228.0000000   -1.6216201296e-04    2.4316031558e-20
 229.0000000   -8.2162180089e-05    3.4152217524e-20
 230.0000000    4.4343476161e-06    2.9935097052e-20
 231.0000000    7.4759971936e-05    9.8726553247e-21
 232.0000000    1.1722973570e-04   -3.5537287007e-21
 233.0000000    1.2995165575e-04   -1.9342323485e-20
 234.0000000    1.1557470308e-04   -2.7762665357e-20
 235.0000000    7.6803475150e-05   -1.9442871239e-20
 236.0000000    1.6006725073e-05   -1.0405689462e-20
 237.0000000   -6.0664655731e-05    1.7292241840e-21
 238.0000000   -1.3803919272e-04    7.3056834670e-21
 239.0000000   -1.9106271364e-04    1.5735099017e-20
 240.0000000   -1.9215657480e-04    1.9010446975e-20
 241.0000000   -1.2539612565e-04    1.3528822903e-20
 242.0000000   -2.1250259578e-07    2.9569786834e-21
 243.0000000    1.4492674915e-04    2.4041684370e-21
 244.0000000    2.5431034308e-04   -5.8506640846e-21
 245.0000000    2.7886018118e-04   -1.5183969603e-20
 246.0000000    2.0057757908e-04   -1.6568373045e-20
 247.0000000    4.4184905982e-05   -1.6525525220e-20
 248.0000000   -1.3135374802e-04   -6.2356128379e-21
 249.0000000   -2.5812559010e-04    3.9298953389e-21
 250.0000000   -2.8902763381e-04    1.2250095169e-20
 251.0000000   -2.1738055940e-04    1.7703963065e-20
 252.0000000   -7.7427062770e-05    1.3164821445e-20
 253.0000000    7.3222452109e-05    6.3427162977e-21
 254.0000000    1.7946970125e-04   -4.6670902047e-21
 255.0000000    2.1035810471e-04   -1.0156867861e-20
 256.0000000    1.6757663437e-04   -1.3830148326e-20
 257.0000000    7.9328626101e-05   -1.0012818856e-20
 258.0000000   -1.5212299286e-05   -6.6677230357e-21
 259.0000000   -8.2635628449e-05    8.3927055894e-22
 260.0000000   -1.0628829035e-04    5.9722041340e-21
 261.0000000   -8.8592558482e-05    7.2259564414e-21
 262.0000000   -4.5969156783e-05    3.6190103559e-21
 263.0000000   -1.3498986427e-07   -3.5363384231e-21
 264.0000000    3.0282662213e-05   -4.6907514471e-21
 265.0000000    3.5298959744e-05   -4.5629733573e-21
 266.0000000    1.5568050004e-05   -3.9127339866e-21
 267.0000000   -1.8708807474e-05   -2.1125705904e-21
 268.0000000   -5.1221685492e-05    9.4948847983e-22
 269.0000000   -6.4803266911e-05    2.3983239735e-21
 270.0000000   -4.7812594261e-05    5.4681756313e-21
 271.0000000   -5.0541138720e-08    5.9920504262e-21
 272.0000000    6.4478058174e-05    4.3110695539e-21
 273.0000000    1.2057422459e-04    2.6506352458e-22
 274.0000000    1.4114588165e-04   -6.0725222334e-21
 275.0000000    1.0977160301e-04   -8.8154369185e-21
 276.0000000    3.0593618364e-05   -1.0710950084e-20
 277.0000000   -7.0335381162e-05   -9.2854940749e-21
 278.0000000   -1.5438390175e-04   -1.5771335992e-23
 279.0000000   -1.8682979313e-04    7.1324285494e-21
 280.0000000   -1.5274426407e-04    1.1587269314e-20
 281.0000000   -6.4364747512e-05    9.8318298259e-21
 282.0000000    4.3802079620e-05    3.8532559228e-21
 283.0000000    1.2982953653e-04   -4.2597851335e-21
 284.0000000    1.6217366487e-04   -1.1387530229e-20
 285.0000000    1.3239567991e-04   -1.2988541202e-20
 286.0000000    5.7500859900e-05   -2.5387559626e-21
 287.0000000   -2.8588627213e-05    6.9382351451e-21
 288.0000000   -9.0282739673e-05    1.0908205727e-20
 289.0000000   -1.0551665274e-04    1.0812396116e-20
 290.0000000   -7.4320763302e-05    5.1174073530e-21
 291.0000000   -1.7142628848e-05   -2.2637160018e-21
 292.0000000    3.6091756656e-05   -7.6825655710e-21
 293.0000000    6.0819518039e-05   -1.1244852104e-20
 294.0000000    4.9259321192e-05   -6.3241658481e-21
 295.0000000    1.2783799199e-05   -2.7942075261e-21
 296.0000000   -2.5634836019e-05    5.7254818872e-21
 297.0000000   -4.4496938517e-05    8.0429841303e-21
 298.0000000   -3.5117521988e-05    9.0975910153e-21
 299.0000000   -5.2480926373e-06    2.8358435241e-21
 300.0000000    2.6451787813e-05   -4.3485490593e-21
 301.0000000    4.1420502089e-05   -6.1534659008e-21
 302.0000000    3.1323253358e-05   -6.2017423204e-21
 303.0000000    2.0022975102e-06   -2.5704289472e-21
 304.0000000   -3.0268763239e-05    2.3911230490e-21
 305.0000000   -4.7649302646e-05    4.6366881301e-21
 306.0000000   -3.9907136681e-05    5.5865286346e-21
 307.0000000   -9.4948737257e-06    1.7586501189e-21
 308.0000000    2.9560378354e-05   -3.1504678599e-21
 309.0000000    5.8175215774e-05   -4.8854129847e-21
 310.0000000    6.1145556878e-05   -5.9346065940e-21
 311.0000000    3.4587321221e-05   -1.2561920057e-21
 312.0000000   -1.1485363114e-05    1.0469701650e-21
 313.0000000   -5.6930974612e-05    5.2646522406e-21
 314.0000000   -8.0371746981e-05    5.0276877289e-21
 315.0000000   -6.9413366725e-05    2.4461613130e-21
 316.0000000   -2.7269078846e-05   -2.1649719560e-21
 317.0000000    2.7901654897e-05   -4.0850965869e-21
 318.0000000    7.1211919223e-05   -2.5582924662e-21
 319.0000000    8.3069700895e-05   -3.6468895500e-22
 320.0000000    5.8894061777e-05    8.7854914360e-22
 321.0000000    1.1318104079e-05    1.8922691108e-21
 322.0000000   -3.6420504372e-05    1.1961962943e-21
 323.0000000   -6.2408524221e-05   -6.8078395980e-23
 324.0000000   -5.6906636975e-05   -1.3522246110e-22
 325.0000000   -2.6413841570e-05   -1.2070883920e-21
 326.0000000    1.0889063256e-05    2.0161655670e-21
 327.0000000    3.5400197206e-05    5.5982083110e-22
 328.0000000    3.6242291079e-05    5.2901298597e-22
 329.0000000    1.5952884048e-05   -8.1084575505e-22
 330.0000000   -1.2252460245e-05   -2.1632746219e-21
 331.0000000   -3.2452534421e-05   -1.5033815645e-21
 332.0000000   -3.4463721763e-05   -6.0288233799e-22
 333.0000000   -1.8283953104e-05    2.4702212050e-21
 334.0000000    7.2381393955e-06    3.5581644376e-21
 335.0000000    2.9965757636e-05    3.3675564926e-21
 336.0000000    4.0707303421e-05    1.7203446055e-21
 337.0000000    3.6798905466e-05   -9.5952584810e-22
 338.0000000    2.1758007880e-05   -4.5228355952e-21
 339.0000000    2.1353899937e-06   -4.0002217067e-21
 340.0000000   -1.6009060540e-05   -3.3569246178e-21
 341.0000000   -2.8992905314e-05   -6.7406897353e-22
 342.0000000   -3.5321252083e-05    3.0808056245e-21
 343.0000000   -3.4500265318e-05    3.4233683621e-21
 344.0000000   -2.6367835617e-05    4.0864436738e-21
 345.0000000   -1.1636178393e-05    1.7373255770e-21
 346.0000000    6.9871340032e-06   -4.1428107554e-22
 347.0000000    2.4486321581e-05   -3.5737616726e-21
 348.0000000    3.4969880251e-05   -2.5697352213e-21
 349.0000000    3.4434188040e-05   -1.4863072003e-21
 350.0000000    2.3211028822e-05   -1.9910123755e-21
 351.0000000    6.3233247949e-06    4.1576487098e-22
 352.0000000   -8.8418574098e-06    1.8657959736e-21
 353.0000000   -1.6386968337e-05    2.1864922146e-21
 354.0000000   -1.5016675152e-05    2.2162916287e-21
 355.0000000   -8.4716535869e-06    1.4359592168e-21
 356.0000000   -2.9598786116e-06   -9.9998910858e-22
 357.0000000   -3.1341979004e-06   -2.7457635226e-21
 358.0000000   -9.0849494023e-06   -3.7173901579e-21
 359.0000000   -1.6195593985e-05   -3.0497054405e-21
 360.0000000   -1.7959439655e-05   -1.6353232213e-22
 361.0000000   -1.0086447769e-05    1.3302671949e-21
 362.0000000    6.5003943998e-06    4.1567039147e-21
 363.0000000    2.5511841596e-05    4.8810773804e-21
 364.0000000    3.8123797079e-05    2.9770346761e-21
 365.0000000    3.7345367216e-05    8.9284613715e-22
 366.0000000    2.1705748410e-05   -3.1979713388e-21
 367.0000000   -3.5930776158e-06   -5.8268876904e-21
 368.0000000   -2.8672011613e-05   -5.3993377815e-21
 369.0000000   -4.3245807917e-05   -3.5277682403e-21
 370.0000000   -4.1230436949e-05    1.1659739006e-21
 371.0000000   -2.3556016220e-05    3.8698915994e-21
 372.0000000    2.1703333155e-06    5.6613852302e-21
 373.0000000    2.5069775944e-05    4.5963179982e-21
 374.0000000    3.5911105838e-05    2.5000446746e-21
 375.0000000    3.1205512358e-05   -2.9838811767e-21
 376.0000000    1.4501754763e-05   -4.1761557725e-21
 377.0000000   -5.6936724847e-06   -3.9045513332e-21
 378.0000000   -2.0221945224e-05   -2.3629364905e-21
 379.0000000   -2.3550778003e-05    4.9526539853e-22
 380.0000000   -1.5910908469e-05    2.6447273238e-21
 381.0000000   -2.4397790914e-06    3.3719776279e-21
 382.0000000    9.8949915276e-06    1.5546231378e-21
 383.0000000    1.5778096616e-05   -7.5728847177e-22
 384.0000000    1.3678740974e-05   -1.7749045085e-21
 385.0000000    5.8500965824e-06   -1.8010047482e-21
 386.0000000   -3.3859243657e-06   -1.1504086938e-21
 387.0000000   -9.9171248383e-06    1.2266616559e-21
 388.0000000   -1.1540694117e-05    2.0075166843e-21
 389.0000000   -8.4870567228e-06    2.3870813761e-21
 390.0000000   -2.8247320323e-06    1.2530138719e-21
 391.0000000    2.7601936753e-06   -7.4183528350e-22
 392.0000000    6.1897337774e-06   -1.8048247385e-21
 393.0000000    6.7233464230e-06   -2.8623319066e-21
 394.0000000    4.9594365210e-06   -2.1747800717e-21
 395.0000000    2.2164659087e-06   -1.6502679135e-22
 396.0000000   -3.0213433403e-07    1.7545628216e-21
 397.0000000   -2.0544045857e-06    2.5850478562e-21
 398.0000000   -3.1134319831e-06    1.6025943688e-21
 399.0000000   -3.6489872142e-06    4.9269275120e-22
 400.0000000   -3.4293118054e-06   -6.8285830117e-22
 401.0000000   -1.8480567450e-06   -1.8100337993e-21
 402.0000000    1.4331825281e-06   -1.5306343014e-21
 403.0000000    5.6993310433e-06   -3.4406987130e-22
 404.0000000    8.9846593103e-06    3.5390685954e-22
 405.0000000    8.8795450562e-06    4.1449110878e-22
 406.0000000    4.0301664957e-06    4.5659180907e-22
 407.0000000   -4.5998515176e-06   -1.5670042283e-22
 408.0000000   -1.3655020316e-05   -1.2054705797e-21
 409.0000000   -1.8781173744e-05   -4.0207036963e-22
 410.0000000   -1.6828278169e-05    4.7484902789e-22
 411.0000000   -7.6318720102e-06    1.3489958734e-21
 412.0000000    5.6667680799e-06    1.7434261853e-21
 413.0000000    1.7966142074e-05    9.3747903106e-22
 414.0000000    2.4483913033e-05   -1.7961493899e-22
 415.0000000    2.2780816036e-05   -1.3492589413e-21
 416.0000000    1.3589810494e-05   -1.6758022587e-21
 417.0000000    2.3494340617e-07   -1.5732763086e-21
 418.0000000   -1.2864916712e-05   -4.7918887782e-22
 419.0000000   -2.1807147701e-05    4.8873451909e-22
 420.0000000   -2.4301499934e-05    1.1660903409e-21
 421.0000000   -2.0040329634e-05    1.5492463056e-21
 422.0000000   -1.0487128832e-05    1.1198972377e-21
 423.0000000    1.6556951563e-06   -6.8456993893e-23
 424.0000000    1.3120262885e-05   -6.4123263043e-22
 425.0000000    2.0822090934e-05   -7.0986240352e-22
 426.0000000    2.2630452856e-05   -8.8846636277e-22
 427.0000000    1.8012484507e-05   -2.4052792172e-22
 428.0000000    8.3121311287e-06   -6.6753139776e-22
 429.0000000   -3.5420585638e-06   -2.9704670586e-22
 430.0000000   -1.3913264523e-05   -1.5853443928e-22
 431.0000000   -1.9659414476e-05    2.0376346661e-22
 432.0000000   -1.9211112255e-05    2.6487029154e-22
 433.0000000   -1.3081729414e-05    6.9139045905e-22
 434.0000000   -3.5969158986e-06    6.1392174764e-22
 435.0000000    6.0272233681e-06    4.1055585791e-22
 436.0000000    1.2850054209e-05    2.0126624624e-22
 437.0000000    1.5137952767e-05   -8.1209250913e-23
 438.0000000    1.2744227809e-05   -4.5890089328e-22
 439.0000000    6.9069402209e-06   -3.7952014279e-22
 440.0000000   -3.2499348122e-07   -5.4378092646e-22
 441.0000000   -6.7541130252e-06   -7.0941895532e-22
 442.0000000   -1.0591471702e-05   -8.8424471097e-22
 443.0000000   -1.0851971163e-05   -1.6336227627e-22
 444.0000000   -7.5927322916e-06    4.9958104851e-22
 445.0000000   -1.9557800889e-06    9.8387969222e-22
 446.0000000    4.0846230127e-06    1.3654444962e-21
 447.0000000    8.3265690090e-06    9.5922283374e-22
 448.0000000    9.1714773467e-06   -1.1284130326e-23
 449.0000000    6.3426032511e-06   -8.9253195836e-22
 450.0000000    1.0910322376e-06   -1.6847770683e-21
 451.0000000   -4.3107098186e-06   -1.5749755991e-21
 452.0000000   -7.6028376558e-06   -8.6218794182e-22
 453.0000000   -7.5838329543e-06    5.2009626167e-22
 454.0000000   -4.6077590067e-06    1.3354505546e-21
 455.0000000   -2.7619342247e-07    1.6851363847e-21
 456.0000000    3.4647423311e-06    1.2886254557e-21
 457.0000000    5.2804634585e-06    3.1101199789e-22
 458.0000000    4.9330346472e-06   -5.3815592763e-22
 459.0000000    3.1108990229e-06   -1.2926073799e-21
 460.0000000    8.3579508213e-07   -1.3038496327e-21
 461.0000000   -1.1087856009e-06   -9.3462765093e-22
 462.0000000   -2.3952952523e-06   -4.5561344152e-22
 463.0000000   -3.0004874227e-06    1.2026542525e-22
 464.0000000   -2.9376161567e-06    7.8923932980e-22
 465.0000000   -2.1551272331e-06    1.0058928498e-21
 466.0000000   -6.8218733241e-07    5.7052081565e-22
 467.0000000    1.1483327001e-06    3.8794553395e-22
 468.0000000    2.6589911146e-06   -3.4595699352e-22
 469.0000000    3.0910954700e-06   -6.5510251403e-22
 470.0000000    2.0442756978e-06   -9.3796023582e-22
 471.0000000   -1.9888804616e-07   -6.0980765440e-22
 472.0000000   -2.7049904786e-06   -1.5366312375e-22
 473.0000000   -4.2969221580e-06    5.6938670155e-22
 474.0000000   -4.1195517774e-06    9.2705570677e-22
 475.0000000   -2.0598673063e-06    8.4592310960e-22
 476.0000000    1.1824615902e-06    2.9341463818e-22
 477.0000000    4.3793325487e-06   -3.9237767498e-22
 478.0000000    6.2558006213e-06   -7.0741500982e-22
 479.0000000    5.9637469569e-06   -9.2898029704e-22
 480.0000000    3.3931103924e-06   -7.0789445956e-22
 481.0000000   -7.5407465525e-07    7.3201019427e-23
 482.0000000   -5.1426354874e-06    8.2856970443e-22
 483.0000000   -8.2086462878e-06    6.1630438026e-22
 484.0000000   -8.7017381969e-06    5.9464108385e-22
 485.0000000   -6.1983305894e-06    2.5500634079e-22
 486.0000000   -1.3697070293e-06   -4.6035234002e-22
 487.0000000    4.1632872556e-06   -3.5846787175e-22
 488.0000000    8.3956517336e-06   -3.9808336209e-22
 489.0000000    9.7230203493e-06   -1.4873440911e-22
 490.0000000    7.6103950343e-06    1.1950054664e-22
 491.0000000    2.8372182275e-06    1.2682737491e-22
 492.0000000   -2.8021704040e-06    1.0233132892e-22
 493.0000000   -7.2154881896e-06   -1.4098560534e-22
 494.0000000   -8.8380944728e-06   -1.6325882939e-23
 495.0000000   -7.2255169312e-06   -2.2187609178e-22
 496.0000000   -3.1854668188e-06   -1.7262326389e-22
 497.0000000    1.5837423760e-06    2.4831298618e-24
 498.0000000    5.1916931177e-06    1.4738391630e-22
 499.0000000    6.3134264076e-06    5.8410535319e-24
 500.0000000    4.7079228299e-06   -9.1985399483e-23
